silence_start: 2.11065
silence_end: 3.32846
